0 3 67
4 11 83
11 12 14
12 15 67
16 17 83
17 18 49
18 21 67
22 23 83
23 24 49
24 27 67
28 29 83
29 30 15
31 32 10
37 40 67
41 42 83
42 43 50
48 51 67
52 53 83
53 54 50
59 60 83
60 61 38
61 62 1
62 63 50
68 70 66
70 71 14
71 72 83
72 73 25
73 74 14
74 75 83
75 76 16
76 77 83
77 78 15
78 79 15
84 85 10
94 95 83
95 96 38
96 97 83
97 98 16
98 99 14
99 100 83
100 101 18
101 102 83
102 103 16
103 104 1
104 105 15
105 106 50
111 112 11
117 121 60
126 127 10
136 137 83
137 138 38
138 139 83
139 140 50
145 146 11
151 156 82
156 157 14
157 158 83
158 160 28
160 163 1
163 164 15
169 170 10
179 180 83
180 181 38
181 182 83
182 183 18
183 184 1
184 185 50
190 191 11
196 202 70
203 204 83
204 205 50
206 207 11
208 211 67
212 216 83
216 217 14
217 220 67
221 222 83
222 223 15
224 225 10
230 231 83
231 232 38
232 233 83
233 234 16
234 235 1
235 236 50
241 247 70
248 249 83
249 250 18
250 251 1
251 252 50
253 254 11
255 259 80
260 264 83
264 265 14
265 269 80
269 270 15
271 272 10
277 280 67
281 282 83
282 283 12
283 284 1
284 285 13
285 286 12
286 287 1
287 288 13
288 289 50
294 295 83
295 296 12
296 297 1
297 298 13
298 299 12
299 300 1
300 301 13
301 302 38
302 303 1
303 304 50
309 310 83
310 311 12
311 312 1
312 313 13
313 314 12
314 315 1
315 316 13
316 317 38
317 318 83
318 319 12
319 320 1
320 321 13
321 322 12
322 323 1
323 324 13
324 325 16
325 326 1
326 327 50
332 333 83
333 334 12
334 335 1
335 336 13
336 337 12
337 338 1
338 339 13
339 340 38
340 341 83
341 342 12
342 343 1
343 344 13
344 345 12
345 346 1
346 347 13
347 348 16
348 349 83
349 350 12
350 351 1
351 352 13
352 353 12
353 354 1
354 355 13
355 356 50
361 362 83
362 363 12
363 364 1
364 365 13
365 366 12
366 367 1
367 368 13
368 369 38
369 376 83
376 377 14
377 378 83
378 379 12
379 380 1
380 381 13
381 382 12
382 383 1
383 384 13
384 385 49
385 386 83
386 387 12
387 388 1
388 389 13
389 390 12
390 391 1
391 392 13
392 393 49
393 397 83
397 398 14
398 399 83
399 400 12
400 401 1
401 402 13
402 403 12
403 404 1
404 405 13
405 406 15
406 407 15
407 408 50
413 419 70
419 420 50
421 422 11
