67
83
14
67
83
49
67
83
49
67
83
15
10
67
83
50
67
83
50
83
38
1
50
66
14
83
25
14
83
16
83
15
15
10
83
38
83
16
14
83
18
83
16
1
15
50
11
60
10
83
38
83
50
11
82
14
83
28
1
15
10
83
38
83
18
1
50
11
70
83
50
11
67
83
14
67
83
15
10
83
38
83
16
1
50
70
83
18
1
50
11
80
83
14
80
15
10
67
83
12
1
13
12
1
13
50
83
12
1
13
12
1
13
38
1
50
83
12
1
13
12
1
13
38
83
12
1
13
12
1
13
16
1
50
83
12
1
13
12
1
13
38
83
12
1
13
12
1
13
16
83
12
1
13
12
1
13
50
83
12
1
13
12
1
13
38
83
14
83
12
1
13
12
1
13
49
83
12
1
13
12
1
13
49
83
14
83
12
1
13
12
1
13
15
15
50
70
50
11
-1
