85 27 60
0 1 2 3 4 5 6 7 8 9 10 11 12 13 14 15 16 17 18 19 20 21 22 23 24 25 26 27 28 29 30 31 32 33 34 35 36 37 38 39 40 41 42 43 44 45 46 47 48 49 50 51 52 53 54 55 56 57 58 59 60 61 62 63 64 65 66 67 68 69 70 71 72 73 74 75 76 77 78 79 80 81 82 83 84 
-999 -998 -997 -996 -995 -994 -993 -992 -991 -990 -989 -988 -987 -986 -985 -984 -983 -982 -981 -980 -979 -978 -977 -976 -975 -974 -973 
3 -998 -996 -989 
3 -989 -990 -989 
2 -989 -990 
6 -990 67 83 -997 -999 -986 
4 -990 67 83 -974 
5 -990 67 83 -994 50 
6 -990 80 83 -997 -999 -986 
2 -999 -1000 
2 -974 50 
5 -986 14 -980 15 -976 
5 -995 83 12 -988 13 
5 -995 -995 12 -988 13 
5 -994 12 1 13 -994 
4 -994 12 1 13 
2 -980 -979 
2 -980 80 
2 -979 -981 
4 -979 -981 49 -979 
3 -981 67 83 
5 -976 10 -984 -975 11 
2 -984 -1000 
4 -984 -983 50 -984 
3 -983 67 83 
4 -975 -977 -997 -975 
2 -975 -977 
2 -977 -985 
2 -977 -973 
2 -977 -978 
2 -977 -991 
5 -991 83 38 -988 50 
5 -991 -995 38 -988 50 
3 -978 70 50 
4 -978 70 -988 50 
8 -973 82 -997 14 -988 15 -999 -976 
7 -985 66 14 -988 15 -999 -976 
12 -985 66 14 -988 15 -999 -976 -996 60 -997 -999 -976 
2 -996 -1000 
2 -997 -1000 
2 -988 -993 
4 -988 -993 25 -993 
4 -988 -993 27 -993 
4 -988 -993 26 -993 
4 -988 -993 28 -993 
4 -988 -993 23 -993 
4 -988 -993 24 -993 
2 -993 -982 
4 -993 -982 16 -993 
4 -993 -982 17 -993 
2 -982 -987 
4 -982 -987 18 -982 
4 -982 -987 19 -982 
2 -987 1 
2 -987 4 
4 -987 14 -988 15 
5 -987 83 14 -992 15 
2 -987 83 
2 -987 -995 
2 -992 -1000 
2 -992 -988 
4 -992 -988 49 -992 
